Игрок 1 133 0
Игрок 2 725 0
Игрок 3 549 0
Игрок 4 799 0
Игрок 5 223 0
Игрок 6 742 0
Игрок 7 534 0
Игрок 8 841 0
Игрок 9 235 0
Игрок 10 575 0
Игрок 11 805 0
Игрок 12 523 0
Игрок 13 615 0
Игрок 14 507 0
Игрок 15 135 0
Игрок 16 635 0
Игрок 17 313 0
Игрок 18 507 0
Игрок 19 508 0
Игрок 20 836 0
Игрок 21 188 0
Игрок 22 997 0
Игрок 23 750 0
Игрок 24 427 0
Игрок 25 690 0
Игрок 26 995 0
Игрок 27 458 0
Игрок 28 575 0
Игрок 29 654 0
Игрок 30 424 0
Игрок 31 794 0
Игрок 32 510 0
Игрок 33 384 0
Игрок 34 235 0
Игрок 35 483 0
Игрок 36 555 0
Игрок 37 382 0
Игрок 38 781 0
Игрок 39 593 0
Игрок 40 594 0
Игрок 41 142 0
Игрок 42 241 0
Игрок 43 843 0
Игрок 44 497 0
Игрок 45 452 0
Игрок 46 245 0
Игрок 47 462 0
Игрок 48 831 0
Игрок 49 174 0
Игрок 50 670 0
Игрок 51 101 0
Игрок 52 381 0
Игрок 53 250 0
Игрок 54 993 0
Игрок 55 418 0
Игрок 56 721 0
Игрок 57 795 0
Игрок 58 387 0
Игрок 59 856 0
Игрок 60 417 0
Игрок 61 491 0
Игрок 62 382 0
Игрок 63 301 0
Игрок 64 555 0
Игрок 65 141 0
Игрок 66 906 0
Игрок 67 588 0
Игрок 68 305 0
Игрок 69 723 0
Игрок 70 126 0
Игрок 71 346 0
Игрок 72 628 0
Игрок 73 367 0
Игрок 74 720 0
Игрок 75 292 0
Игрок 76 533 0
Игрок 77 448 0
Игрок 78 127 0
Игрок 79 172 0
